[gd_scene load_steps=3 format=3 uid="uid://bwedcgf1qbyqm"]

[ext_resource type="Animation" uid="uid://b7nee4l0mv750" path="res://Resources/Utils/Baileraro.res" id="1_gxiol"]

[sub_resource type="AnimationLibrary" id="AnimationLibrary_d51uf"]
_data = {
&"Baileraro": ExtResource("1_gxiol")
}

[node name="Dance(2)" type="Node3D"]

[node name="CharacterArmature" type="Node3D" parent="."]
transform = Transform3D(51.4594, 85.6278, 4.45016, -4.19625, -2.66886, 99.8763, 85.6406, -51.5825, 2.21978, -0.0454944, -0.420905, -0.0637651)

[node name="Skeleton3D" type="Skeleton3D" parent="CharacterArmature"]
bones/0/name = "Root"
bones/0/parent = -1
bones/0/rest = Transform3D(1, 0, 0, 0, 0, -1, 0, 1, 0, -1.3e-05, 1e-06, -2.4e-05)
bones/0/enabled = true
bones/0/position = Vector3(-1.3e-05, 1e-06, -2.4e-05)
bones/0/rotation = Quaternion(0.707107, 0, 0, 0.707107)
bones/0/scale = Vector3(1, 1, 1)
bones/1/name = "Foot.L"
bones/1/parent = 0
bones/1/rest = Transform3D(-1, -2.6587e-07, 2.26877e-05, 2.26893e-05, -0.0117179, 0.999931, 0, 0.999931, 0.0117179, 0.005472, 0.000247, -0.000451)
bones/1/enabled = true
bones/1/position = Vector3(0.005472, 0.000247, -0.000451)
bones/1/rotation = Quaternion(7.97473e-06, 0.702952, 0.711238, 8.06874e-06)
bones/1/scale = Vector3(1, 1, 1)
bones/2/name = "Foot.L_end"
bones/2/parent = 1
bones/2/rest = Transform3D(1, 0, 0, 0, 1, 0, 0, 0, 1, 0, 0.001072, 0)
bones/2/enabled = true
bones/2/position = Vector3(0, 0.001072, 0)
bones/2/rotation = Quaternion(0, 0, 0, 1)
bones/2/scale = Vector3(1, 1, 1)
bones/3/name = "Body"
bones/3/parent = 0
bones/3/rest = Transform3D(1, 0, 0, 0, 1, 0, 0, 0, 1, 2.2e-05, 0.00626, 0.001549)
bones/3/enabled = true
bones/3/position = Vector3(2.2e-05, 0.00626, 0.001549)
bones/3/rotation = Quaternion(0, 0, 0, 1)
bones/3/scale = Vector3(1, 1, 1)
bones/4/name = "Hips"
bones/4/parent = 3
bones/4/rest = Transform3D(1, 0, 0, 0, 0.994845, 0.101407, 0, -0.101407, 0.994845, -1.5e-05, -0.002312, -0.001818)
bones/4/enabled = true
bones/4/position = Vector3(-1.5e-05, -0.002312, -0.001818)
bones/4/rotation = Quaternion(0.0425373, 0.0119949, -0.0456585, 0.997979)
bones/4/scale = Vector3(1, 1, 1)
bones/5/name = "Abdomen"
bones/5/parent = 4
bones/5/rest = Transform3D(1, 0, 0, 0, 0.963518, -0.267644, 0, 0.267644, 0.963518, 0, 0.003143, 0)
bones/5/enabled = true
bones/5/position = Vector3(0, 0.003143, 0)
bones/5/rotation = Quaternion(0.176301, 0.0127002, 0.000919877, 0.984254)
bones/5/scale = Vector3(1, 1, 1)
bones/6/name = "Torso"
bones/6/parent = 5
bones/6/rest = Transform3D(1, 4.5928e-08, -1.74473e-06, 0, 0.999654, 0.0263148, 1.74533e-06, -0.0263148, 0.999654, 0, 0.002986, 0)
bones/6/enabled = true
bones/6/position = Vector3(0, 0.002986, 0)
bones/6/rotation = Quaternion(0.0280587, 0.0145356, -0.00233833, 0.999498)
bones/6/scale = Vector3(1, 1, 1)
bones/7/name = "Neck"
bones/7/parent = 6
bones/7/rest = Transform3D(1, -9.44431e-08, 1.74277e-06, 3.55271e-15, 0.998535, 0.0541119, -1.74533e-06, -0.0541119, 0.998535, 0, 0.005881, 0)
bones/7/enabled = true
bones/7/position = Vector3(0, 0.005881, 0)
bones/7/rotation = Quaternion(-0.0300769, 0.0178515, -0.0170419, 0.999243)
bones/7/scale = Vector3(1, 1, 1)
bones/8/name = "Head"
bones/8/parent = 7
bones/8/rest = Transform3D(1, 7.75533e-07, -0.000551427, 6.10865e-05, 0.993688, 0.112177, 0.000548033, -0.112177, 0.993688, 0, 0.001335, 0)
bones/8/enabled = true
bones/8/position = Vector3(0, 0.001335, 0)
bones/8/rotation = Quaternion(-0.0591796, 0.0189313, -0.0154821, 0.997948)
bones/8/scale = Vector3(1, 1, 1)
bones/9/name = "Ear1.L"
bones/9/parent = 8
bones/9/rest = Transform3D(0.920321, 0.368182, -0.132104, -0.38672, 0.90717, -0.165802, 0.0587959, 0.203678, 0.977271, 0.004593, 0.006957, -0.001318)
bones/9/enabled = true
bones/9/position = Vector3(0.004593, 0.006957, -0.001318)
bones/9/rotation = Quaternion(0.0947104, -0.0489342, -0.193507, 0.97529)
bones/9/scale = Vector3(1, 1, 1)
bones/10/name = "Ear2.L"
bones/10/parent = 9
bones/10/rest = Transform3D(0.997484, 0.0368616, -0.0605583, -0.00475976, 0.887092, 0.461569, 0.0707349, -0.460119, 0.885035, 0, 0.003406, 0)
bones/10/enabled = true
bones/10/position = Vector3(0, 0.003406, 0)
bones/10/rotation = Quaternion(-0.237359, -0.0338115, -0.0107186, 0.970774)
bones/10/scale = Vector3(1, 1, 1)
bones/11/name = "Ear3.L"
bones/11/parent = 10
bones/11/rest = Transform3D(0.906839, -0.190573, -0.375933, 0.421466, 0.403175, 0.812291, -0.00323409, -0.89506, 0.445935, 0, 0.006946, 0)
bones/11/enabled = true
bones/11/position = Vector3(0, 0.006946, 0)
bones/11/rotation = Quaternion(-0.51423, -0.112252, 0.184337, 0.830052)
bones/11/scale = Vector3(1, 1, 1)
bones/12/name = "Ear3.L_end"
bones/12/parent = 11
bones/12/rest = Transform3D(1, 0, 0, 0, 1, 0, 0, 0, 1, 0, 0.004844, 0)
bones/12/enabled = true
bones/12/position = Vector3(0, 0.004844, 0)
bones/12/rotation = Quaternion(0, 0, 0, 1)
bones/12/scale = Vector3(1, 1, 1)
bones/13/name = "Ear1.R"
bones/13/parent = 8
bones/13/rest = Transform3D(0.920256, -0.367957, 0.133179, 0.386719, 0.907171, -0.165801, -0.0598081, 0.204082, 0.977125, -0.004582, 0.006957, -0.001313)
bones/13/enabled = true
bones/13/position = Vector3(-0.004582, 0.006957, -0.001313)
bones/13/rotation = Quaternion(0.0964236, 0.0682271, 0.177307, 0.977041)
bones/13/scale = Vector3(1, 1, 1)
bones/14/name = "Ear2.R"
bones/14/parent = 13
bones/14/rest = Transform3D(0.998204, -0.0354061, 0.0483273, 0.010816, 0.899926, 0.435909, -0.0589248, -0.434603, 0.898692, 0, 0.003406, 0)
bones/14/enabled = true
bones/14/position = Vector3(0, 0.003406, 0)
bones/14/rotation = Quaternion(-0.216946, 0.0473592, -0.00166069, 0.975033)
bones/14/scale = Vector3(1, 1, 1)
bones/15/name = "Ear3.R"
bones/15/parent = 14
bones/15/rest = Transform3D(0.906839, 0.202186, 0.369815, -0.421464, 0.428273, 0.799343, 0.0032341, -0.88074, 0.473589, 0, 0.006946, 0)
bones/15/enabled = true
bones/15/position = Vector3(0, 0.006946, 0)
bones/15/rotation = Quaternion(-0.546649, 0.30845, -0.130278, 0.767503)
bones/15/scale = Vector3(1, 1, 1)
bones/16/name = "Ear3.R_end"
bones/16/parent = 15
bones/16/rest = Transform3D(1, 0, 0, 0, 1, 0, 0, 0, 1, 0, 0.004844, 0)
bones/16/enabled = true
bones/16/position = Vector3(0, 0.004844, 0)
bones/16/rotation = Quaternion(0, 0, 0, 1)
bones/16/scale = Vector3(1, 1, 1)
bones/17/name = "Shoulder.L"
bones/17/parent = 6
bones/17/rest = Transform3D(0.783125, 0.607736, 0.131802, -0.619292, 0.781425, 0.0764959, -0.0565042, -0.14153, 0.98832, 0.001386, 0.001411, 0.00014)
bones/17/enabled = true
bones/17/position = Vector3(0.001386, 0.001411, 0.00014)
bones/17/rotation = Quaternion(-0.000277292, -0.0815865, -0.319714, 0.943995)
bones/17/scale = Vector3(1, 1, 1)
bones/18/name = "UpperArm.L"
bones/18/parent = 17
bones/18/rest = Transform3D(-0.203279, 0.783125, -0.587702, 0.0498766, 0.607737, 0.792571, 0.97785, 0.1318, -0.1626, 0, 0.002595, 0)
bones/18/enabled = true
bones/18/position = Vector3(0, 0.002595, 0)
bones/18/rotation = Quaternion(-0.0852967, -0.69644, -0.672375, 0.235811)
bones/18/scale = Vector3(1, 1, 1)
bones/19/name = "LowerArm.L"
bones/19/parent = 18
bones/19/rest = Transform3D(0.851385, -3.51405e-16, 0.524541, 4.30211e-16, 1, -2.835e-17, -0.524541, 2.498e-16, 0.851385, 0, 0.005283, 0)
bones/19/enabled = true
bones/19/position = Vector3(0, 0.005283, 0)
bones/19/rotation = Quaternion(0.0798236, 0.350514, -0.445969, 0.819683)
bones/19/scale = Vector3(1, 1, 1)
bones/20/name = "Fist.L"
bones/20/parent = 19
bones/20/rest = Transform3D(0.999252, 0.0135382, 0.0362162, -0.0126257, 0.9996, -0.025307, -0.0365443, 0.0248308, 0.999023, 0, 0.004253, 0)
bones/20/enabled = true
bones/20/position = Vector3(0, 0.004253, 0)
bones/20/rotation = Quaternion(0.118332, 0.041783, -0.0619168, 0.990161)
bones/20/scale = Vector3(1, 1, 1)
bones/21/name = "Fist.L_end"
bones/21/parent = 20
bones/21/rest = Transform3D(1, 0, 0, 0, 1, 0, 0, 0, 1, 0, 0.002801, 0)
bones/21/enabled = true
bones/21/position = Vector3(0, 0.002801, 0)
bones/21/rotation = Quaternion(0, 0, 0, 1)
bones/21/scale = Vector3(1, 1, 1)
bones/22/name = "Shoulder.R"
bones/22/parent = 6
bones/22/rest = Transform3D(0.783124, -0.607737, -0.131801, 0.619293, 0.781425, 0.0764951, 0.0565036, -0.141529, 0.98832, -0.001373, 0.001411, 0.00014)
bones/22/enabled = true
bones/22/position = Vector3(-0.001373, 0.001411, 0.00014)
bones/22/rotation = Quaternion(-0.163301, -0.324412, 0.349603, 0.863636)
bones/22/scale = Vector3(1, 1, 1)
bones/23/name = "UpperArm.R"
bones/23/parent = 22
bones/23/rest = Transform3D(-0.203282, -0.783124, 0.587701, -0.0498763, 0.607737, 0.79257, -0.977849, 0.131803, -0.162601, 0, 0.002595, 0)
bones/23/enabled = true
bones/23/position = Vector3(0, 0.002595, 0)
bones/23/rotation = Quaternion(-0.480184, 0.617121, 0.431096, 0.450269)
bones/23/scale = Vector3(1, 1, 1)
bones/24/name = "LowerArm.R"
bones/24/parent = 23
bones/24/rest = Transform3D(0.851385, 7.17711e-16, -0.524541, -3.05311e-16, 1, 8.72713e-16, 0.524541, -5.82867e-16, 0.851385, 0, 0.005283, 0)
bones/24/enabled = true
bones/24/position = Vector3(0, 0.005283, 0)
bones/24/rotation = Quaternion(0.0540461, -0.332733, 0.301953, 0.891736)
bones/24/scale = Vector3(1, 1, 1)
bones/25/name = "Fist.R"
bones/25/parent = 24
bones/25/rest = Transform3D(0.999252, -0.0135382, -0.0362162, 0.0126257, 0.9996, -0.025307, 0.0365443, 0.0248308, 0.999023, 0, 0.004253, 0)
bones/25/enabled = true
bones/25/position = Vector3(0, 0.004253, 0)
bones/25/rotation = Quaternion(0.0794677, 0.0221339, -0.0288513, 0.996174)
bones/25/scale = Vector3(1, 1, 1)
bones/26/name = "Fist.R_end"
bones/26/parent = 25
bones/26/rest = Transform3D(1, 0, 0, 0, 1, 0, 0, 0, 1, 0, 0.002801, 0)
bones/26/enabled = true
bones/26/position = Vector3(0, 0.002801, 0)
bones/26/rotation = Quaternion(0, 0, 0, 1)
bones/26/scale = Vector3(1, 1, 1)
bones/27/name = "UpperLeg.L"
bones/27/parent = 3
bones/27/rest = Transform3D(0.999953, 0.00805939, 0.00531145, 0.00954395, -0.743384, -0.668796, -0.00144164, 0.668816, -0.743427, 0.005348, -0.001815, -0.001915)
bones/27/enabled = true
bones/27/position = Vector3(0.005348, -0.001815, -0.001915)
bones/27/rotation = Quaternion(0.546273, -0.418031, 0.374823, 0.621565)
bones/27/scale = Vector3(1, 1, 1)
bones/28/name = "LowerLeg.L"
bones/28/parent = 27
bones/28/rest = Transform3D(0.999283, -0.0135989, 0.0353215, 0.0375782, 0.245054, -0.968781, 0.00451864, 0.969414, 0.245389, 0, 0.002373, 0)
bones/28/enabled = true
bones/28/position = Vector3(0, 0.002373, 0)
bones/28/rotation = Quaternion(0.786372, -0.577273, -0.174124, -0.134371)
bones/28/scale = Vector3(1, 1, 1)
bones/29/name = "LowerLeg.L_end"
bones/29/parent = 28
bones/29/rest = Transform3D(0.999708, 0.0200677, -0.013462, -0.0200743, 0.999798, -0.000356376, 0.0134522, 0.000626513, 0.999909, 0, 0.002954, 0)
bones/29/enabled = true
bones/29/position = Vector3(0, 0.002954, 0)
bones/29/rotation = Quaternion(0.00024574, -0.00672904, -0.0100362, 0.999927)
bones/29/scale = Vector3(1, 1, 1)
bones/30/name = "UpperLeg.R"
bones/30/parent = 3
bones/30/rest = Transform3D(0.999953, -0.00806038, -0.00530999, -0.00954371, -0.743384, -0.668796, 0.00144339, 0.668816, -0.743427, -0.005365, -0.001815, -0.001915)
bones/30/enabled = true
bones/30/position = Vector3(-0.005365, -0.001815, -0.001915)
bones/30/rotation = Quaternion(0.642508, 0.268978, 0.273588, 0.663313)
bones/30/scale = Vector3(1, 1, 1)
bones/31/name = "LowerLeg.R"
bones/31/parent = 30
bones/31/rest = Transform3D(0.999284, 0.0135985, -0.0353198, -0.0375764, 0.245056, -0.968781, -0.00451864, 0.969414, 0.245391, 0, 0.002373, 0)
bones/31/enabled = true
bones/31/position = Vector3(0, 0.002373, 0)
bones/31/rotation = Quaternion(0.842902, 0.40203, 0.13787, 0.329971)
bones/31/scale = Vector3(1, 1, 1)
bones/32/name = "LowerLeg.R_end"
bones/32/parent = 31
bones/32/rest = Transform3D(0.999708, -0.0200679, 0.0134621, 0.0200745, 0.999798, -0.000356308, -0.0134523, 0.00062645, 0.999909, 0, 0.002954, 0)
bones/32/enabled = true
bones/32/position = Vector3(0, 0.002954, 0)
bones/32/rotation = Quaternion(0.000245708, 0.00672908, 0.0100363, 0.999927)
bones/32/scale = Vector3(1, 1, 1)
bones/33/name = "PoleTarget.L"
bones/33/parent = 0
bones/33/rest = Transform3D(1, 0, 0, 0, 1, 0, 0, 0, 1, 0.005438, 0.002485, 0.009631)
bones/33/enabled = true
bones/33/position = Vector3(0.005438, 0.002485, 0.009631)
bones/33/rotation = Quaternion(0, 0, 0, 1)
bones/33/scale = Vector3(1, 1, 1)
bones/34/name = "PoleTarget.L_end"
bones/34/parent = 33
bones/34/rest = Transform3D(1, 0, 0, 0, 1, 0, 0, 0, 1, 0, 0.002737, 0)
bones/34/enabled = true
bones/34/position = Vector3(0, 0.002737, 0)
bones/34/rotation = Quaternion(0, 0, 0, 1)
bones/34/scale = Vector3(1, 1, 1)
bones/35/name = "Foot.R"
bones/35/parent = 0
bones/35/rest = Transform3D(-1, 2.6587e-07, -2.26877e-05, -2.26893e-05, -0.0117179, 0.999931, 0, 0.999931, 0.0117179, -0.005446, 0.000247, -0.000451)
bones/35/enabled = true
bones/35/position = Vector3(-0.005446, 0.000247, -0.000451)
bones/35/rotation = Quaternion(-7.95631e-06, 0.702952, 0.711238, -8.0501e-06)
bones/35/scale = Vector3(1, 1, 1)
bones/36/name = "Foot.R_end"
bones/36/parent = 35
bones/36/rest = Transform3D(1, 0, 0, 0, 1, 0, 0, 0, 1, 0, 0.001072, 0)
bones/36/enabled = true
bones/36/position = Vector3(0, 0.001072, 0)
bones/36/rotation = Quaternion(0, 0, 0, 1)
bones/36/scale = Vector3(1, 1, 1)
bones/37/name = "PoleTarget.R"
bones/37/parent = 0
bones/37/rest = Transform3D(1, 0, -1.74533e-06, 0, 1, 0, 1.74533e-06, 0, 1, -0.005412, 0.002485, 0.009631)
bones/37/enabled = true
bones/37/position = Vector3(-0.005412, 0.002485, 0.009631)
bones/37/rotation = Quaternion(0, -8.72665e-07, 0, 1)
bones/37/scale = Vector3(1, 1, 1)
bones/38/name = "PoleTarget.R_end"
bones/38/parent = 37
bones/38/rest = Transform3D(1, 0, 0, 0, 1, 0, 0, 0, 1, 0, 0.002737, 0)
bones/38/enabled = true
bones/38/position = Vector3(0, 0.002737, 0)
bones/38/rotation = Quaternion(0, 0, 0, 1)
bones/38/scale = Vector3(1, 1, 1)

[node name="AnimationPlayer" type="AnimationPlayer" parent="."]
libraries = {
&"": SubResource("AnimationLibrary_d51uf")
}
